## Globals
ACCOUNT_ID=0.0.3651560
PUBLIC_KEY=302a300506032b65700321006f1655491ea039c38151d1049d225d2627b66b42c93adf665371a0334a1888cc
PRIVATE_KEY=302e020100300506032b657004220420e8bf1f5543b6bd598755e0c294f1e549f70b3569cac38e57bd5043fa462a930e

TARGET_ACCOUNT_ID=0.0.3974652
TARGET_PRIVATE_KEY=302e020100300506032b657004220420fd9b59e8dcf17e84552ef41be12e9e6d331d907ce416192508b34c1088ce0bc9

ACCOUNT1_ID=0.0.4083297
ACCOUNT1_PUBLIC_KEY=302a300506032b6570032100d22d9efd7b1d314638760330c61505e5f300714b40394215cbefb23d58687a3e
ACCOUNT1_PRIVATE_KEY=302e020100300506032b6570042204205c7086e452b01f41512f5db14eb337a76a7794e8a90c0d810566da995e85ed3e

ACCOUNT2_ID=0.0.4083298
ACCOUNT2_PUBLIC_KEY=302a300506032b6570032100a7530919221e86c0f6240eaa5a8a9f74bd478f2f542912413ed9954cc8b080ac
ACCOUNT2_PRIVATE_KEY=302e020100300506032b657004220420443a46cc4e9462d0974c65eca944277b2a449514d3f63008768f8d4c89375e0d

ACCOUNT3_ID=0.0.4083299
ACCOUNT3_PUBLIC_KEY=302a300506032b65700321005db7882dbd6423ea7c71a4f602fba86043a997469edf565c623e30e876dc6757
ACCOUNT3_PRIVATE_KEY=302e020100300506032b657004220420933361519c2c207c3daf6341156dc78a0afc2e27d3d80ed040098efd3190ab22

ACCOUNT4_ID=0.0.4083301
ACCOUNT4_PUBLIC_KEY=302a300506032b65700321009f909aa13e2be71eb8efd83252cfcd499568759fbc48ce37e3032329e50190a2
ACCOUNT4_PRIVATE_KEY=302e020100300506032b65700422042056cff62bda821d419b35db9e455152e28cd8bba13ca360b28590af3c068c7d7d

ACCOUNT5_ID=0.0.4083302
ACCOUNT5_PUBLIC_KEY=302a300506032b6570032100107ee6f3781f7f3f705c67f62a62f8d5b4e5885eaf6124943bce854e2fc1e063
ACCOUNT5_PRIVATE_KEY=302e020100300506032b65700422042050e57435ad5cc7e4649f9558e99405c5e9c7ff5454309020150204818f437ad9

# 2 Smart Contract
SMART_CONTRACT_ID=0.0.4086712

# 3 Scheduled TX
SCHEDULE_ID=0.0.4085587
SCHEDULE_TX=0.0.4083297@1681454267.830588748
